73.163166912494               0.3514590828684619            0.252803886251822             0.2485294800078024            0.346249064603157             0.24057683185279272           -8.456334626741896            -5.687281290166447            -2.360032956549372            -5.260750620592467            -0.03903227095033087          
24.564863985893197            0.3394375509127837            0.36895199765380704           0.3457212209484104            0.31992833534786047           0.2535298994659991            -7.1849060593309435           -2.886025993109359            -0.13732041042713558          -8.118182157970825            -6.148941833987462            
90.34045801502569             0.31455305018849694           0.25495802156191216           0.3411698822531591            0.29506985038798544           0.26032134921393724           -13.171252196798184           -13.1798757451888             -2.398750284440651            -4.760273999638619            -8.859943791458589            
82.76668349983815             0.3203152567591919            0.2830696292838622            0.29354149413193664           0.33440989555648315           0.30579751399578636           -11.414166189817168           -4.238846242031573            0.0                           -4.726464307649633            -3.4340965755707344           
53.01097988940477             0.3588338203807312            0.33227253323326084           0.258637336578884             0.3056843146633689            0.3241226369529               -9.403003158420235            -5.293352743369271            -7.406029342366474            -4.08040133664249             -1.8691884753187107           
38.580876818273126            0.3372593116463477            0.3213648794418585            0.34396837876735487           0.3260029431169457            0.2641863180805873            -9.2298196704434              -3.0623858110513127           0.0                           -6.103843649690194            -6.164878543376094            
30.841512666787263            0.3252660161693515            0.3113599662717254            0.3700033805148649            0.3035494420337689            0.2519733066843168            -9.647557897827713            -3.495954455663801            -0.14040008380131197          -7.902602577056322            -12.342616602174626           
49.0426454398819              0.3092968130059868            0.2883162121331941            0.29844961904412864           0.3673821242374756            0.30631767440364105           -1.5344516064524714           -9.200693051876026            -1.2690049105904404           -9.00198285444783             -3.205787165523649            
70.43497212797485             0.3403991466337455            0.24000239973824616           0.24                          0.3242319969145776            0.28661475746097465           -9.794124274694578            -5.861819104697134            -7.730003218137509            -2.4599436572392706           -13.760253680416936           
74.9809804056297              0.3165152658630712            0.3968823453516626            0.3397326837058385            0.2623798199013646            0.2732968074359112            -11.85424593575636            -4.516903988926021            -1.9881980584898138           -5.402546887487761            -13.591086858908113           
5.773209387189762             0.39333274059483064           0.32770739525675924           0.306875454383294             0.3292006477904186            0.3996184505673212            -7.946210870295516            -1.4188400154551057           -0.7963226403626819           -1.208909804197438            -1.2332143371791928           
28.44240464725231             0.3782107265297483            0.36701709711928254           0.33306720062048323           0.2918938195525247            0.2533579573811596            -6.133335662254161            -2.6279265998628807           -0.01983687829424242          -9.38272035686891             -12.72850756468394            
85.80640137173037             0.27705563242272774           0.3042888977281481            0.29504025980432286           0.3204147683293602            0.24016684316426332           -14.9657698557566             -10.31691459808608            -4.660729556893191            -4.267056885775706            -7.853266100075637            
23.15321171794728             0.2948032072904448            0.3046663693348247            0.24                          0.3665005847441525            0.26117180531266504           -11.823461042626171           -3.7248658737652365           -8.575970400315738            -5.986852724214866            -7.990678503149907            
58.00202687322786             0.3060525029133177            0.33051011327425894           0.2532303946553702            0.3926614684034913            0.255611014328612             -8.131005888250154            -3.796045857390302            -1.996690924294572            -5.851034650879983            -10.987883680580149           
2.7062311291985965            0.3971419112824664            0.24                          0.29337440174958956           0.2748497456673564            0.26010982676266964           -9.261105939240794            -6.305648104506674            -6.689473021043404            -4.5857950608153635           -5.5609499849268              
85.34641206428097             0.35330831170851246           0.3154859421215868            0.3286843158235815            0.26394748987399186           0.299952244709027             -9.24836073564174             -6.81855254272604             -2.173197433157081            -6.022279358095213            -6.0459023185727885           
95.6886038088287              0.3549441820291641            0.3336544940597909            0.2938829201348753            0.37247405912156256           0.3220427521875264            -3.405585894195594            -4.977729275018484            -0.2381173159201681           -7.277424024283764            -4.471222396156849            
65.37999216811308             0.31253207965061797           0.26546770198834785           0.26004039702555304           0.30541291021266753           0.2790981528320542            -11.643209680987358           -5.371771207274291            -1.157194251339405            -6.42752971937388             -7.208791453518029            
39.6303472074045              0.37704530871058756           0.2521875755668074            0.2600809140293109            0.2852692434993093            0.2546532143671172            -6.930404674094002            -6.285197234725941            -2.1755418006162857           -8.803032133819771            -9.39817827318999             
